    1     1     3
    2     5     1
    3     9     5
    4    12     4
    5    14     5
    6    14     1
    7    15     3
    8    16     2
    9    16     3
   10    18     2
   11    19     5
   12    21     4
   13    23     3
   14    24     2
   15    27     1
   16    29     2
   17    30     4
   18    34     3
   19    36     5
   20    36     5
   21    39     2
   22    41     4
   23    44     5
   24    45     2
   25    48     4
   26    50     5
   27    52     3
   28    54     5
   29    57     2
   30    61     4
   31    62     1
   32    62     3
   33    65     2
   34    65     3
   35    69     4
   36    70     1
   37    70     5
   38    70     1
   39    71     2
   40    74     4
   41    78     4
   42    82     5
   43    83     1
   44    84     2
   45    85     4
   46    89     5
   47    90     4
   48    92     4
   49    95     3
   50    99     2
   51   102     1
   52   106     4
   53   110     1
   54   112     2
   55   115     2
   56   116     1
   57   120     3
   58   120     5
   59   122     4
   60   124     3
   61   125     1
   62   126     2
   63   126     3
   64   126     5
   65   127     3
   66   127     1
   67   128     5
   68   129     1
   69   131     2
   70   133     3
   71   135     3
   72   138     4
   73   138     5
   74   142     4
   75   143     4
   76   145     2
   77   146     1
   78   149     4
   79   149     2
   80   151     1
   81   151     5
   82   155     3
   83   158     4
   84   158     2
   85   160     1
   86   161     2
   87   165     1
   88   166     2
   89   169     5
   90   172     5
   91   173     5
   92   176     5
   93   179     4
   94   179     4
   95   181     3
   96   184     4
   97   187     4
   98   189     2
   99   189     3
  100   192     5
  101   196     2
  102   196     2
  103   196     5
  104   200     2
  105   203     4
  106   207     4
  107   211     5
  108   215     3
  109   215     1
  110   218     4
  111   221     3
  112   225     4
  113   228     1
  114   231     4
  115   231     2
  116   234     2
  117   238     4
  118   242     3
  119   244     3
  120   247     3
  121   250     5
  122   250     3
  123   253     2
  124   253     4
  125   254     2
  126   256     5
  127   258     1
  128   261     2
  129   263     2
  130   263     4
  131   267     3
  132   271     2
  133   272     4
  134   274     2
  135   275     5
  136   277     2
  137   279     5
  138   279     3
  139   279     1
  140   282     5
  141   283     4
  142   284     5
  143   284     4
  144   286     1
  145   288     1
  146   291     2
  147   293     3
  148   295     3
  149   299     5
  150   300     5
