    1     3     3
    2     5     1
    3     8     5
    4     9     4
    5    11     5
    6    14     1
    7    16     3
    8    18     2
    9    20     3
   10    21     2
   11    22     5
   12    25     4
   13    27     3
   14    28     2
   15    31     1
   16    34     2
   17    37     4
   18    38     3
   19    41     5
   20    43     5
   21    46     2
   22    49     4
   23    50     5
   24    51     2
   25    54     4
   26    57     5
   27    59     3
   28    60     5
   29    63     2
   30    65     4
   31    67     1
   32    70     3
   33    71     2
   34    73     3
   35    75     4
   36    78     1
   37    81     5
   38    83     1
   39    84     2
   40    85     4
   41    86     4
   42    87     5
   43    88     1
   44    90     2
   45    93     4
   46    94     5
   47    97     4
   48   100     4
   49   103     3
   50   104     2
   51   105     1
   52   107     4
   53   108     1
   54   109     2
   55   112     2
   56   115     1
   57   118     3
   58   119     5
   59   122     4
   60   123     3
   61   125     1
   62   128     2
   63   131     3
   64   132     5
   65   135     3
   66   138     1
   67   139     5
   68   141     1
   69   142     2
   70   144     3
   71   146     3
   72   147     4
   73   150     5
   74   152     4
   75   155     4
   76   158     2
   77   161     1
   78   162     4
   79   163     2
   80   164     1
   81   166     5
   82   167     3
   83   170     4
   84   172     2
   85   175     1
   86   177     2
   87   180     1
   88   181     2
   89   182     5
   90   183     5
   91   185     5
   92   188     5
   93   189     4
   94   190     4
   95   192     3
   96   195     4
   97   196     4
   98   199     2
   99   200     3
  100   202     5
  101   205     2
  102   208     2
  103   211     5
  104   213     2
  105   215     4
  106   218     4
  107   219     5
  108   221     3
  109   222     1
  110   223     4
  111   225     3
  112   227     4
  113   230     1
  114   231     4
  115   232     2
  116   235     2
  117   238     4
  118   240     3
  119   241     3
  120   243     3
  121   246     5
  122   248     3
  123   251     2
  124   252     4
  125   254     2
  126   257     5
  127   260     1
  128   261     2
  129   263     2
  130   266     4
  131   268     3
  132   269     2
  133   272     4
  134   275     2
  135   277     5
  136   280     2
  137   282     5
  138   285     3
  139   288     1
  140   289     5
  141   292     4
  142   293     5
  143   294     4
  144   296     1
  145   299     1
  146   301     2
